{
 "cells": [
  {
   "cell_type": "markdown",
   "id": "b2037fde",
   "metadata": {},
   "source": [
    "## 1. Import Necessary libraries"
   ]
  },
  {
   "cell_type": "code",
   "execution_count": 31,
   "id": "91a1b234",
   "metadata": {},
   "outputs": [],
   "source": [
    "import pandas as pd\n",
    "from matplotlib import pyplot as plt"
   ]
  },
  {
   "cell_type": "markdown",
   "id": "27d19f2e",
   "metadata": {},
   "source": [
    "## 2. Import Dataset"
   ]
  },
  {
   "cell_type": "code",
   "execution_count": 4,
   "id": "617f9ca6",
   "metadata": {},
   "outputs": [
    {
     "data": {
      "text/html": [
       "<div>\n",
       "<style scoped>\n",
       "    .dataframe tbody tr th:only-of-type {\n",
       "        vertical-align: middle;\n",
       "    }\n",
       "\n",
       "    .dataframe tbody tr th {\n",
       "        vertical-align: top;\n",
       "    }\n",
       "\n",
       "    .dataframe thead th {\n",
       "        text-align: right;\n",
       "    }\n",
       "</style>\n",
       "<table border=\"1\" class=\"dataframe\">\n",
       "  <thead>\n",
       "    <tr style=\"text-align: right;\">\n",
       "      <th></th>\n",
       "      <th>Month</th>\n",
       "      <th>Sales</th>\n",
       "      <th>Unnamed: 2</th>\n",
       "      <th>Unnamed: 3</th>\n",
       "      <th>Unnamed: 4</th>\n",
       "      <th>Unnamed: 5</th>\n",
       "    </tr>\n",
       "  </thead>\n",
       "  <tbody>\n",
       "    <tr>\n",
       "      <th>0</th>\n",
       "      <td>1/1/1990</td>\n",
       "      <td>266.0</td>\n",
       "      <td>NaN</td>\n",
       "      <td>NaN</td>\n",
       "      <td>NaN</td>\n",
       "      <td>NaN</td>\n",
       "    </tr>\n",
       "    <tr>\n",
       "      <th>1</th>\n",
       "      <td>2/1/1990</td>\n",
       "      <td>145.9</td>\n",
       "      <td>NaN</td>\n",
       "      <td>NaN</td>\n",
       "      <td>NaN</td>\n",
       "      <td>NaN</td>\n",
       "    </tr>\n",
       "    <tr>\n",
       "      <th>2</th>\n",
       "      <td>3/1/1990</td>\n",
       "      <td>183.1</td>\n",
       "      <td>NaN</td>\n",
       "      <td>NaN</td>\n",
       "      <td>NaN</td>\n",
       "      <td>NaN</td>\n",
       "    </tr>\n",
       "    <tr>\n",
       "      <th>3</th>\n",
       "      <td>4/1/1990</td>\n",
       "      <td>119.3</td>\n",
       "      <td>NaN</td>\n",
       "      <td>NaN</td>\n",
       "      <td>NaN</td>\n",
       "      <td>NaN</td>\n",
       "    </tr>\n",
       "    <tr>\n",
       "      <th>4</th>\n",
       "      <td>5/1/1990</td>\n",
       "      <td>180.3</td>\n",
       "      <td>NaN</td>\n",
       "      <td>NaN</td>\n",
       "      <td>NaN</td>\n",
       "      <td>NaN</td>\n",
       "    </tr>\n",
       "    <tr>\n",
       "      <th>5</th>\n",
       "      <td>6/1/1990</td>\n",
       "      <td>168.5</td>\n",
       "      <td>NaN</td>\n",
       "      <td>NaN</td>\n",
       "      <td>NaN</td>\n",
       "      <td>NaN</td>\n",
       "    </tr>\n",
       "    <tr>\n",
       "      <th>6</th>\n",
       "      <td>7/1/1990</td>\n",
       "      <td>231.8</td>\n",
       "      <td>NaN</td>\n",
       "      <td>NaN</td>\n",
       "      <td>NaN</td>\n",
       "      <td>NaN</td>\n",
       "    </tr>\n",
       "    <tr>\n",
       "      <th>7</th>\n",
       "      <td>8/1/1990</td>\n",
       "      <td>224.5</td>\n",
       "      <td>NaN</td>\n",
       "      <td>NaN</td>\n",
       "      <td>NaN</td>\n",
       "      <td>NaN</td>\n",
       "    </tr>\n",
       "    <tr>\n",
       "      <th>8</th>\n",
       "      <td>9/1/1990</td>\n",
       "      <td>192.8</td>\n",
       "      <td>NaN</td>\n",
       "      <td>NaN</td>\n",
       "      <td>NaN</td>\n",
       "      <td>NaN</td>\n",
       "    </tr>\n",
       "    <tr>\n",
       "      <th>9</th>\n",
       "      <td>10/1/1990</td>\n",
       "      <td>122.9</td>\n",
       "      <td>NaN</td>\n",
       "      <td>NaN</td>\n",
       "      <td>NaN</td>\n",
       "      <td>NaN</td>\n",
       "    </tr>\n",
       "    <tr>\n",
       "      <th>10</th>\n",
       "      <td>11/1/1990</td>\n",
       "      <td>336.5</td>\n",
       "      <td>NaN</td>\n",
       "      <td>NaN</td>\n",
       "      <td>NaN</td>\n",
       "      <td>NaN</td>\n",
       "    </tr>\n",
       "    <tr>\n",
       "      <th>11</th>\n",
       "      <td>12/1/1990</td>\n",
       "      <td>185.9</td>\n",
       "      <td>NaN</td>\n",
       "      <td>NaN</td>\n",
       "      <td>NaN</td>\n",
       "      <td>NaN</td>\n",
       "    </tr>\n",
       "    <tr>\n",
       "      <th>12</th>\n",
       "      <td>1/1/1991</td>\n",
       "      <td>194.3</td>\n",
       "      <td>NaN</td>\n",
       "      <td>NaN</td>\n",
       "      <td>NaN</td>\n",
       "      <td>NaN</td>\n",
       "    </tr>\n",
       "    <tr>\n",
       "      <th>13</th>\n",
       "      <td>2/1/1991</td>\n",
       "      <td>149.5</td>\n",
       "      <td>NaN</td>\n",
       "      <td>NaN</td>\n",
       "      <td>NaN</td>\n",
       "      <td>NaN</td>\n",
       "    </tr>\n",
       "    <tr>\n",
       "      <th>14</th>\n",
       "      <td>3/1/1991</td>\n",
       "      <td>210.1</td>\n",
       "      <td>NaN</td>\n",
       "      <td>NaN</td>\n",
       "      <td>NaN</td>\n",
       "      <td>NaN</td>\n",
       "    </tr>\n",
       "    <tr>\n",
       "      <th>15</th>\n",
       "      <td>4/1/1991</td>\n",
       "      <td>273.3</td>\n",
       "      <td>NaN</td>\n",
       "      <td>NaN</td>\n",
       "      <td>NaN</td>\n",
       "      <td>NaN</td>\n",
       "    </tr>\n",
       "    <tr>\n",
       "      <th>16</th>\n",
       "      <td>5/1/1991</td>\n",
       "      <td>191.4</td>\n",
       "      <td>NaN</td>\n",
       "      <td>NaN</td>\n",
       "      <td>NaN</td>\n",
       "      <td>NaN</td>\n",
       "    </tr>\n",
       "    <tr>\n",
       "      <th>17</th>\n",
       "      <td>6/1/1991</td>\n",
       "      <td>287.0</td>\n",
       "      <td>NaN</td>\n",
       "      <td>NaN</td>\n",
       "      <td>NaN</td>\n",
       "      <td>NaN</td>\n",
       "    </tr>\n",
       "    <tr>\n",
       "      <th>18</th>\n",
       "      <td>7/1/1991</td>\n",
       "      <td>226.0</td>\n",
       "      <td>NaN</td>\n",
       "      <td>NaN</td>\n",
       "      <td>NaN</td>\n",
       "      <td>NaN</td>\n",
       "    </tr>\n",
       "    <tr>\n",
       "      <th>19</th>\n",
       "      <td>8/1/1991</td>\n",
       "      <td>303.6</td>\n",
       "      <td>NaN</td>\n",
       "      <td>NaN</td>\n",
       "      <td>NaN</td>\n",
       "      <td>NaN</td>\n",
       "    </tr>\n",
       "    <tr>\n",
       "      <th>20</th>\n",
       "      <td>9/1/1991</td>\n",
       "      <td>289.9</td>\n",
       "      <td>NaN</td>\n",
       "      <td>NaN</td>\n",
       "      <td>NaN</td>\n",
       "      <td>NaN</td>\n",
       "    </tr>\n",
       "    <tr>\n",
       "      <th>21</th>\n",
       "      <td>10/1/1991</td>\n",
       "      <td>421.6</td>\n",
       "      <td>NaN</td>\n",
       "      <td>NaN</td>\n",
       "      <td>NaN</td>\n",
       "      <td>NaN</td>\n",
       "    </tr>\n",
       "    <tr>\n",
       "      <th>22</th>\n",
       "      <td>11/1/1991</td>\n",
       "      <td>264.5</td>\n",
       "      <td>NaN</td>\n",
       "      <td>NaN</td>\n",
       "      <td>NaN</td>\n",
       "      <td>NaN</td>\n",
       "    </tr>\n",
       "    <tr>\n",
       "      <th>23</th>\n",
       "      <td>12/1/1991</td>\n",
       "      <td>342.3</td>\n",
       "      <td>NaN</td>\n",
       "      <td>NaN</td>\n",
       "      <td>NaN</td>\n",
       "      <td>NaN</td>\n",
       "    </tr>\n",
       "    <tr>\n",
       "      <th>24</th>\n",
       "      <td>1/1/1992</td>\n",
       "      <td>339.7</td>\n",
       "      <td>NaN</td>\n",
       "      <td>NaN</td>\n",
       "      <td>NaN</td>\n",
       "      <td>NaN</td>\n",
       "    </tr>\n",
       "    <tr>\n",
       "      <th>25</th>\n",
       "      <td>2/1/1992</td>\n",
       "      <td>440.4</td>\n",
       "      <td>NaN</td>\n",
       "      <td>NaN</td>\n",
       "      <td>NaN</td>\n",
       "      <td>NaN</td>\n",
       "    </tr>\n",
       "    <tr>\n",
       "      <th>26</th>\n",
       "      <td>3/1/1992</td>\n",
       "      <td>315.9</td>\n",
       "      <td>NaN</td>\n",
       "      <td>NaN</td>\n",
       "      <td>NaN</td>\n",
       "      <td>NaN</td>\n",
       "    </tr>\n",
       "    <tr>\n",
       "      <th>27</th>\n",
       "      <td>4/1/1992</td>\n",
       "      <td>439.3</td>\n",
       "      <td>NaN</td>\n",
       "      <td>NaN</td>\n",
       "      <td>NaN</td>\n",
       "      <td>NaN</td>\n",
       "    </tr>\n",
       "    <tr>\n",
       "      <th>28</th>\n",
       "      <td>5/1/1992</td>\n",
       "      <td>401.3</td>\n",
       "      <td>NaN</td>\n",
       "      <td>NaN</td>\n",
       "      <td>NaN</td>\n",
       "      <td>NaN</td>\n",
       "    </tr>\n",
       "    <tr>\n",
       "      <th>29</th>\n",
       "      <td>6/1/1992</td>\n",
       "      <td>437.4</td>\n",
       "      <td>NaN</td>\n",
       "      <td>NaN</td>\n",
       "      <td>NaN</td>\n",
       "      <td>NaN</td>\n",
       "    </tr>\n",
       "    <tr>\n",
       "      <th>30</th>\n",
       "      <td>7/1/1992</td>\n",
       "      <td>575.5</td>\n",
       "      <td>NaN</td>\n",
       "      <td>NaN</td>\n",
       "      <td>NaN</td>\n",
       "      <td>NaN</td>\n",
       "    </tr>\n",
       "    <tr>\n",
       "      <th>31</th>\n",
       "      <td>8/1/1992</td>\n",
       "      <td>407.6</td>\n",
       "      <td>NaN</td>\n",
       "      <td>NaN</td>\n",
       "      <td>NaN</td>\n",
       "      <td>NaN</td>\n",
       "    </tr>\n",
       "    <tr>\n",
       "      <th>32</th>\n",
       "      <td>9/1/1992</td>\n",
       "      <td>682.0</td>\n",
       "      <td>NaN</td>\n",
       "      <td>NaN</td>\n",
       "      <td>NaN</td>\n",
       "      <td>NaN</td>\n",
       "    </tr>\n",
       "    <tr>\n",
       "      <th>33</th>\n",
       "      <td>10/1/1992</td>\n",
       "      <td>475.3</td>\n",
       "      <td>NaN</td>\n",
       "      <td>NaN</td>\n",
       "      <td>NaN</td>\n",
       "      <td>NaN</td>\n",
       "    </tr>\n",
       "    <tr>\n",
       "      <th>34</th>\n",
       "      <td>11/1/1992</td>\n",
       "      <td>581.3</td>\n",
       "      <td>NaN</td>\n",
       "      <td>NaN</td>\n",
       "      <td>NaN</td>\n",
       "      <td>NaN</td>\n",
       "    </tr>\n",
       "    <tr>\n",
       "      <th>35</th>\n",
       "      <td>12/1/1992</td>\n",
       "      <td>646.9</td>\n",
       "      <td>NaN</td>\n",
       "      <td>NaN</td>\n",
       "      <td>NaN</td>\n",
       "      <td>NaN</td>\n",
       "    </tr>\n",
       "  </tbody>\n",
       "</table>\n",
       "</div>"
      ],
      "text/plain": [
       "        Month  Sales  Unnamed: 2  Unnamed: 3  Unnamed: 4  Unnamed: 5\n",
       "0    1/1/1990  266.0         NaN         NaN         NaN         NaN\n",
       "1    2/1/1990  145.9         NaN         NaN         NaN         NaN\n",
       "2    3/1/1990  183.1         NaN         NaN         NaN         NaN\n",
       "3    4/1/1990  119.3         NaN         NaN         NaN         NaN\n",
       "4    5/1/1990  180.3         NaN         NaN         NaN         NaN\n",
       "5    6/1/1990  168.5         NaN         NaN         NaN         NaN\n",
       "6    7/1/1990  231.8         NaN         NaN         NaN         NaN\n",
       "7    8/1/1990  224.5         NaN         NaN         NaN         NaN\n",
       "8    9/1/1990  192.8         NaN         NaN         NaN         NaN\n",
       "9   10/1/1990  122.9         NaN         NaN         NaN         NaN\n",
       "10  11/1/1990  336.5         NaN         NaN         NaN         NaN\n",
       "11  12/1/1990  185.9         NaN         NaN         NaN         NaN\n",
       "12   1/1/1991  194.3         NaN         NaN         NaN         NaN\n",
       "13   2/1/1991  149.5         NaN         NaN         NaN         NaN\n",
       "14   3/1/1991  210.1         NaN         NaN         NaN         NaN\n",
       "15   4/1/1991  273.3         NaN         NaN         NaN         NaN\n",
       "16   5/1/1991  191.4         NaN         NaN         NaN         NaN\n",
       "17   6/1/1991  287.0         NaN         NaN         NaN         NaN\n",
       "18   7/1/1991  226.0         NaN         NaN         NaN         NaN\n",
       "19   8/1/1991  303.6         NaN         NaN         NaN         NaN\n",
       "20   9/1/1991  289.9         NaN         NaN         NaN         NaN\n",
       "21  10/1/1991  421.6         NaN         NaN         NaN         NaN\n",
       "22  11/1/1991  264.5         NaN         NaN         NaN         NaN\n",
       "23  12/1/1991  342.3         NaN         NaN         NaN         NaN\n",
       "24   1/1/1992  339.7         NaN         NaN         NaN         NaN\n",
       "25   2/1/1992  440.4         NaN         NaN         NaN         NaN\n",
       "26   3/1/1992  315.9         NaN         NaN         NaN         NaN\n",
       "27   4/1/1992  439.3         NaN         NaN         NaN         NaN\n",
       "28   5/1/1992  401.3         NaN         NaN         NaN         NaN\n",
       "29   6/1/1992  437.4         NaN         NaN         NaN         NaN\n",
       "30   7/1/1992  575.5         NaN         NaN         NaN         NaN\n",
       "31   8/1/1992  407.6         NaN         NaN         NaN         NaN\n",
       "32   9/1/1992  682.0         NaN         NaN         NaN         NaN\n",
       "33  10/1/1992  475.3         NaN         NaN         NaN         NaN\n",
       "34  11/1/1992  581.3         NaN         NaN         NaN         NaN\n",
       "35  12/1/1992  646.9         NaN         NaN         NaN         NaN"
      ]
     },
     "execution_count": 4,
     "metadata": {},
     "output_type": "execute_result"
    }
   ],
   "source": [
    "shampoo_sales = pd.read_csv('sales.csv')\n",
    "shampoo_sales"
   ]
  },
  {
   "cell_type": "markdown",
   "id": "cb4aedcd",
   "metadata": {},
   "source": [
    "## 3. Data Understanding"
   ]
  },
  {
   "cell_type": "code",
   "execution_count": 5,
   "id": "3216275c",
   "metadata": {},
   "outputs": [
    {
     "data": {
      "text/plain": [
       "(36, 6)"
      ]
     },
     "execution_count": 5,
     "metadata": {},
     "output_type": "execute_result"
    }
   ],
   "source": [
    "shampoo_sales.shape"
   ]
  },
  {
   "cell_type": "code",
   "execution_count": 6,
   "id": "2d273234",
   "metadata": {},
   "outputs": [
    {
     "data": {
      "text/plain": [
       "Month          0\n",
       "Sales          0\n",
       "Unnamed: 2    36\n",
       "Unnamed: 3    36\n",
       "Unnamed: 4    36\n",
       "Unnamed: 5    36\n",
       "dtype: int64"
      ]
     },
     "execution_count": 6,
     "metadata": {},
     "output_type": "execute_result"
    }
   ],
   "source": [
    "shampoo_sales.isna().sum()"
   ]
  },
  {
   "cell_type": "markdown",
   "id": "42788950",
   "metadata": {},
   "source": [
    "## 4. Data Preparation"
   ]
  },
  {
   "cell_type": "code",
   "execution_count": 8,
   "id": "70f5fd11",
   "metadata": {},
   "outputs": [],
   "source": [
    "shampoo_sales.drop(labels=['Unnamed: 2','Unnamed: 3','Unnamed: 4','Unnamed: 5'],axis=1,inplace=True)"
   ]
  },
  {
   "cell_type": "code",
   "execution_count": 9,
   "id": "bb4be263",
   "metadata": {},
   "outputs": [
    {
     "data": {
      "text/plain": [
       "Month     object\n",
       "Sales    float64\n",
       "dtype: object"
      ]
     },
     "execution_count": 9,
     "metadata": {},
     "output_type": "execute_result"
    }
   ],
   "source": [
    "shampoo_sales.dtypes"
   ]
  },
  {
   "cell_type": "code",
   "execution_count": 10,
   "id": "faf6fd99",
   "metadata": {},
   "outputs": [],
   "source": [
    "shampoo_sales.to_csv('shampoo_sales.csv')"
   ]
  },
  {
   "cell_type": "markdown",
   "id": "4aba77df",
   "metadata": {},
   "source": [
    "### Import data"
   ]
  },
  {
   "cell_type": "code",
   "execution_count": 26,
   "id": "57ce5fac",
   "metadata": {},
   "outputs": [
    {
     "data": {
      "text/plain": [
       "Month\n",
       "1990-01-01    266.0\n",
       "1990-02-01    145.9\n",
       "1990-03-01    183.1\n",
       "1990-04-01    119.3\n",
       "1990-05-01    180.3\n",
       "1990-06-01    168.5\n",
       "1990-07-01    231.8\n",
       "1990-08-01    224.5\n",
       "1990-09-01    192.8\n",
       "1990-10-01    122.9\n",
       "1990-11-01    336.5\n",
       "1990-12-01    185.9\n",
       "1991-01-01    194.3\n",
       "1991-02-01    149.5\n",
       "1991-03-01    210.1\n",
       "1991-04-01    273.3\n",
       "1991-05-01    191.4\n",
       "1991-06-01    287.0\n",
       "1991-07-01    226.0\n",
       "1991-08-01    303.6\n",
       "1991-09-01    289.9\n",
       "1991-10-01    421.6\n",
       "1991-11-01    264.5\n",
       "1991-12-01    342.3\n",
       "1992-01-01    339.7\n",
       "1992-02-01    440.4\n",
       "1992-03-01    315.9\n",
       "1992-04-01    439.3\n",
       "1992-05-01    401.3\n",
       "1992-06-01    437.4\n",
       "1992-07-01    575.5\n",
       "1992-08-01    407.6\n",
       "1992-09-01    682.0\n",
       "1992-10-01    475.3\n",
       "1992-11-01    581.3\n",
       "1992-12-01    646.9\n",
       "Name: Sales, dtype: float64"
      ]
     },
     "execution_count": 26,
     "metadata": {},
     "output_type": "execute_result"
    }
   ],
   "source": [
    "shampoo_sales_2 = pd.read_csv('sales.csv',index_col='Month',parse_dates=True,squeeze = True)\n",
    "shampoo_sales_2"
   ]
  },
  {
   "cell_type": "markdown",
   "id": "42d393fb",
   "metadata": {},
   "source": [
    "### Get daily sales information"
   ]
  },
  {
   "cell_type": "code",
   "execution_count": 28,
   "id": "fed92fff",
   "metadata": {},
   "outputs": [
    {
     "data": {
      "text/plain": [
       "Month\n",
       "1990-01-01    266.0\n",
       "1990-01-02      NaN\n",
       "1990-01-03      NaN\n",
       "1990-01-04      NaN\n",
       "1990-01-05      NaN\n",
       "              ...  \n",
       "1992-11-27      NaN\n",
       "1992-11-28      NaN\n",
       "1992-11-29      NaN\n",
       "1992-11-30      NaN\n",
       "1992-12-01    646.9\n",
       "Freq: D, Name: Sales, Length: 1066, dtype: float64"
      ]
     },
     "execution_count": 28,
     "metadata": {},
     "output_type": "execute_result"
    }
   ],
   "source": [
    "upsampled_data = shampoo_sales_2.resample('D').mean()\n",
    "upsampled_data"
   ]
  },
  {
   "cell_type": "code",
   "execution_count": 30,
   "id": "d11ede7a",
   "metadata": {},
   "outputs": [
    {
     "data": {
      "text/plain": [
       "Month\n",
       "1990-01-01    266.000000\n",
       "1990-01-02    262.125806\n",
       "1990-01-03    258.251613\n",
       "1990-01-04    254.377419\n",
       "1990-01-05    250.503226\n",
       "                 ...    \n",
       "1992-11-27    638.153333\n",
       "1992-11-28    640.340000\n",
       "1992-11-29    642.526667\n",
       "1992-11-30    644.713333\n",
       "1992-12-01    646.900000\n",
       "Freq: D, Name: Sales, Length: 1066, dtype: float64"
      ]
     },
     "execution_count": 30,
     "metadata": {},
     "output_type": "execute_result"
    }
   ],
   "source": [
    "interpolated_data = upsampled_data.interpolate(method = 'linear')\n",
    "interpolated_data"
   ]
  },
  {
   "cell_type": "markdown",
   "id": "4f91a022",
   "metadata": {},
   "source": [
    "### Before Linear Interpolation"
   ]
  },
  {
   "cell_type": "code",
   "execution_count": 33,
   "id": "ccd885a3",
   "metadata": {},
   "outputs": [
    {
     "data": {
      "text/html": [
       "<div>\n",
       "<style scoped>\n",
       "    .dataframe tbody tr th:only-of-type {\n",
       "        vertical-align: middle;\n",
       "    }\n",
       "\n",
       "    .dataframe tbody tr th {\n",
       "        vertical-align: top;\n",
       "    }\n",
       "\n",
       "    .dataframe thead th {\n",
       "        text-align: right;\n",
       "    }\n",
       "</style>\n",
       "<table border=\"1\" class=\"dataframe\">\n",
       "  <thead>\n",
       "    <tr style=\"text-align: right;\">\n",
       "      <th></th>\n",
       "      <th>Sales</th>\n",
       "    </tr>\n",
       "    <tr>\n",
       "      <th>Month</th>\n",
       "      <th></th>\n",
       "    </tr>\n",
       "  </thead>\n",
       "  <tbody>\n",
       "    <tr>\n",
       "      <th>1990-01-01</th>\n",
       "      <td>266.0</td>\n",
       "    </tr>\n",
       "    <tr>\n",
       "      <th>1990-02-01</th>\n",
       "      <td>145.9</td>\n",
       "    </tr>\n",
       "    <tr>\n",
       "      <th>1990-03-01</th>\n",
       "      <td>183.1</td>\n",
       "    </tr>\n",
       "    <tr>\n",
       "      <th>1990-04-01</th>\n",
       "      <td>119.3</td>\n",
       "    </tr>\n",
       "    <tr>\n",
       "      <th>1990-05-01</th>\n",
       "      <td>180.3</td>\n",
       "    </tr>\n",
       "    <tr>\n",
       "      <th>1990-06-01</th>\n",
       "      <td>168.5</td>\n",
       "    </tr>\n",
       "    <tr>\n",
       "      <th>1990-07-01</th>\n",
       "      <td>231.8</td>\n",
       "    </tr>\n",
       "    <tr>\n",
       "      <th>1990-08-01</th>\n",
       "      <td>224.5</td>\n",
       "    </tr>\n",
       "    <tr>\n",
       "      <th>1990-09-01</th>\n",
       "      <td>192.8</td>\n",
       "    </tr>\n",
       "    <tr>\n",
       "      <th>1990-10-01</th>\n",
       "      <td>122.9</td>\n",
       "    </tr>\n",
       "    <tr>\n",
       "      <th>1990-11-01</th>\n",
       "      <td>336.5</td>\n",
       "    </tr>\n",
       "    <tr>\n",
       "      <th>1990-12-01</th>\n",
       "      <td>185.9</td>\n",
       "    </tr>\n",
       "    <tr>\n",
       "      <th>1991-01-01</th>\n",
       "      <td>194.3</td>\n",
       "    </tr>\n",
       "    <tr>\n",
       "      <th>1991-02-01</th>\n",
       "      <td>149.5</td>\n",
       "    </tr>\n",
       "    <tr>\n",
       "      <th>1991-03-01</th>\n",
       "      <td>210.1</td>\n",
       "    </tr>\n",
       "    <tr>\n",
       "      <th>1991-04-01</th>\n",
       "      <td>273.3</td>\n",
       "    </tr>\n",
       "    <tr>\n",
       "      <th>1991-05-01</th>\n",
       "      <td>191.4</td>\n",
       "    </tr>\n",
       "    <tr>\n",
       "      <th>1991-06-01</th>\n",
       "      <td>287.0</td>\n",
       "    </tr>\n",
       "    <tr>\n",
       "      <th>1991-07-01</th>\n",
       "      <td>226.0</td>\n",
       "    </tr>\n",
       "    <tr>\n",
       "      <th>1991-08-01</th>\n",
       "      <td>303.6</td>\n",
       "    </tr>\n",
       "    <tr>\n",
       "      <th>1991-09-01</th>\n",
       "      <td>289.9</td>\n",
       "    </tr>\n",
       "    <tr>\n",
       "      <th>1991-10-01</th>\n",
       "      <td>421.6</td>\n",
       "    </tr>\n",
       "    <tr>\n",
       "      <th>1991-11-01</th>\n",
       "      <td>264.5</td>\n",
       "    </tr>\n",
       "    <tr>\n",
       "      <th>1991-12-01</th>\n",
       "      <td>342.3</td>\n",
       "    </tr>\n",
       "    <tr>\n",
       "      <th>1992-01-01</th>\n",
       "      <td>339.7</td>\n",
       "    </tr>\n",
       "    <tr>\n",
       "      <th>1992-02-01</th>\n",
       "      <td>440.4</td>\n",
       "    </tr>\n",
       "    <tr>\n",
       "      <th>1992-03-01</th>\n",
       "      <td>315.9</td>\n",
       "    </tr>\n",
       "    <tr>\n",
       "      <th>1992-04-01</th>\n",
       "      <td>439.3</td>\n",
       "    </tr>\n",
       "    <tr>\n",
       "      <th>1992-05-01</th>\n",
       "      <td>401.3</td>\n",
       "    </tr>\n",
       "    <tr>\n",
       "      <th>1992-06-01</th>\n",
       "      <td>437.4</td>\n",
       "    </tr>\n",
       "    <tr>\n",
       "      <th>1992-07-01</th>\n",
       "      <td>575.5</td>\n",
       "    </tr>\n",
       "    <tr>\n",
       "      <th>1992-08-01</th>\n",
       "      <td>407.6</td>\n",
       "    </tr>\n",
       "    <tr>\n",
       "      <th>1992-09-01</th>\n",
       "      <td>682.0</td>\n",
       "    </tr>\n",
       "    <tr>\n",
       "      <th>1992-10-01</th>\n",
       "      <td>475.3</td>\n",
       "    </tr>\n",
       "    <tr>\n",
       "      <th>1992-11-01</th>\n",
       "      <td>581.3</td>\n",
       "    </tr>\n",
       "    <tr>\n",
       "      <th>1992-12-01</th>\n",
       "      <td>646.9</td>\n",
       "    </tr>\n",
       "  </tbody>\n",
       "</table>\n",
       "</div>"
      ],
      "text/plain": [
       "            Sales\n",
       "Month            \n",
       "1990-01-01  266.0\n",
       "1990-02-01  145.9\n",
       "1990-03-01  183.1\n",
       "1990-04-01  119.3\n",
       "1990-05-01  180.3\n",
       "1990-06-01  168.5\n",
       "1990-07-01  231.8\n",
       "1990-08-01  224.5\n",
       "1990-09-01  192.8\n",
       "1990-10-01  122.9\n",
       "1990-11-01  336.5\n",
       "1990-12-01  185.9\n",
       "1991-01-01  194.3\n",
       "1991-02-01  149.5\n",
       "1991-03-01  210.1\n",
       "1991-04-01  273.3\n",
       "1991-05-01  191.4\n",
       "1991-06-01  287.0\n",
       "1991-07-01  226.0\n",
       "1991-08-01  303.6\n",
       "1991-09-01  289.9\n",
       "1991-10-01  421.6\n",
       "1991-11-01  264.5\n",
       "1991-12-01  342.3\n",
       "1992-01-01  339.7\n",
       "1992-02-01  440.4\n",
       "1992-03-01  315.9\n",
       "1992-04-01  439.3\n",
       "1992-05-01  401.3\n",
       "1992-06-01  437.4\n",
       "1992-07-01  575.5\n",
       "1992-08-01  407.6\n",
       "1992-09-01  682.0\n",
       "1992-10-01  475.3\n",
       "1992-11-01  581.3\n",
       "1992-12-01  646.9"
      ]
     },
     "execution_count": 33,
     "metadata": {},
     "output_type": "execute_result"
    }
   ],
   "source": [
    "shampoo_sales_3 = pd.read_csv('sales.csv',index_col='Month',parse_dates=True)\n",
    "shampoo_sales_3"
   ]
  },
  {
   "cell_type": "code",
   "execution_count": 37,
   "id": "cbdfff6c",
   "metadata": {},
   "outputs": [
    {
     "data": {
